191****5297	2017	8	132.56
191****1608	2020	1	12.35
191****7640	2016	1	33.20
191****1165	2019	4	66.11
191****7175	2019	4	94.54
191****4851	2017	2	0.25
191****6930	2019	4	48.92
191****8769	2020	6	157.33
191****6300	2019	11	94.70
191****8670	2018	5	167.27
191****3868	2019	1	141.21
191****7234	2018	2	138.34
191****1955	2017	1	73.29
191****2905	2020	10	16.86
191****7355	2019	1	5.26
191****7027	2019	5	39.18
191****3506	2017	5	72.93
191****3113	2018	3	143.50
191****5108	2018	7	136.27
191****4967	2018	2	11.56
191****1200	2016	9	156.51
191****4449	2020	12	16.36
191****2304	2019	3	151.75
191****6307	2016	6	91.56
191****6074	2018	11	14.70
191****6284	2018	6	176.17
191****5998	2020	3	145.63
191****3065	2017	4	72.13
191****4713	2019	6	72.42
191****6996	2017	5	65.85
191****6930	2018	11	116.77
191****0406	2017	5	75.83
191****9628	2017	2	149.31
191****2651	2016	5	197.23
191****7418	2017	4	144.20
191****0163	2016	9	8.75
191****1462	2019	5	193.71
191****6150	2016	1	106.13
191****6787	2019	7	129.95
191****5091	2018	6	36.58
191****4261	2020	11	92.20
191****8735	2018	8	167.09
191****0760	2018	12	197.97
191****4702	2019	9	151.79
191****2277	2016	11	58.91
191****2102	2018	10	26.89
191****6510	2019	11	23.50
191****3667	2020	3	198.01
191****9447	2017	10	29.25
191****5300	2020	3	172.07
191****8073	2019	2	72.30
191****2431	2016	11	183.65
191****2331	2018	11	21.66
191****6483	2018	11	171.35
191****4051	2018	5	152.76
191****8810	2016	1	151.23
191****4314	2019	8	189.49
191****4082	2019	11	27.38
191****6903	2017	9	26.20
191****4681	2016	10	72.33
191****7246	2019	9	61.49
191****0949	2017	10	35.10
191****6272	2020	10	81.94
191****0480	2020	10	9.90
191****9215	2017	6	64.91
191****2463	2016	1	175.57
191****7758	2020	3	63.54
191****5297	2016	11	130.89
191****1608	2016	5	39.85
191****7640	2016	7	174.03
191****1165	2016	5	131.18
191****7175	2020	6	61.39
191****4851	2016	1	85.95
191****6930	2019	4	120.19
191****8769	2020	2	162.57
191****6300	2018	12	154.80
191****8670	2016	11	134.73
191****3868	2019	10	186.24
191****7234	2017	12	131.11
191****1955	2016	3	91.00
191****2905	2017	8	111.24
191****7355	2020	7	84.61
191****7027	2020	3	54.48
191****3506	2017	12	39.72
191****3113	2020	3	37.68
191****5108	2020	2	82.70
191****4967	2017	9	180.90
191****1200	2018	5	6.43
191****4449	2019	11	140.26
191****2304	2020	2	35.73
191****6307	2018	7	172.44
191****6074	2016	6	132.04
191****6284	2018	1	146.67
191****5998	2017	10	11.53
191****3065	2020	8	55.92
191****4713	2016	9	39.90
191****6996	2020	9	107.41
191****6930	2019	3	62.58
191****0406	2018	10	41.96
191****9628	2019	7	14.44
191****2651	2016	2	38.54
191****7418	2019	9	150.80
191****0163	2019	2	161.14
191****1462	2017	11	55.26
191****6150	2019	9	66.11
191****6787	2017	9	149.48
191****5091	2020	6	33.85
191****4261	2016	9	78.89
191****8735	2019	5	154.51
191****0760	2020	2	34.57
191****4702	2016	7	176.35
191****2277	2020	5	137.48
191****2102	2019	12	121.61
191****6510	2017	11	33.73
191****3667	2017	11	50.65
191****9447	2016	8	89.43
191****5300	2016	11	82.33
191****8073	2019	2	27.14
191****2431	2019	8	189.21
191****2331	2016	11	91.76
191****6483	2018	7	120.99
191****4051	2018	6	87.57
191****8810	2018	5	167.95
191****4314	2017	7	186.99
191****4082	2017	8	68.80
191****6903	2016	5	110.28
191****4681	2018	3	162.41
191****7246	2020	9	129.72
191****0949	2018	7	159.02
191****6272	2018	9	14.43
191****0480	2016	12	101.30
191****9215	2020	9	38.71
191****2463	2018	8	46.12
191****7758	2019	2	198.30
191****5297	2018	10	30.82
191****1608	2017	9	69.89
191****7640	2016	1	8.43
191****1165	2016	10	199.05
191****7175	2020	7	20.17
191****4851	2020	12	84.05
191****6930	2017	6	105.72
191****8769	2020	10	45.85
191****6300	2018	1	174.90
191****8670	2018	2	30.01
191****3868	2019	7	33.18
191****7234	2019	12	1.57
191****1955	2020	10	79.79
191****2905	2020	9	79.98
191****7355	2017	2	3.17
191****7027	2020	9	63.17
191****3506	2017	1	66.29
191****3113	2016	6	38.25
191****5108	2018	11	193.41
191****4967	2020	5	135.27
191****1200	2018	5	92.13
191****4449	2016	11	197.72
191****2304	2016	2	127.75
191****6307	2020	12	3.77
191****6074	2018	3	131.90
191****6284	2016	1	40.99
191****5998	2020	11	0.52
191****3065	2018	1	117.89
191****4713	2019	1	7.00
191****6996	2016	9	173.25
191****6930	2019	4	20.24
191****0406	2019	8	139.38
191****9628	2017	3	132.36
191****2651	2020	4	34.18
191****7418	2019	11	131.10
191****0163	2018	2	36.30
191****1462	2016	6	124.42
191****6150	2019	4	63.96
191****6787	2016	10	172.61
191****5091	2018	2	186.82
191****4261	2016	11	1.10
191****8735	2019	9	95.92
191****0760	2019	7	58.25
191****4702	2016	10	114.45
191****2277	2017	12	9.41
191****2102	2018	1	13.93
191****6510	2018	4	93.12
191****3667	2019	10	101.92
191****9447	2019	6	139.99
191****5300	2018	4	147.40
191****8073	2020	11	108.86
191****2431	2016	5	24.34
191****2331	2017	5	130.10
191****6483	2016	5	79.90
191****4051	2016	11	70.46
191****8810	2020	12	105.14
191****4314	2020	8	17.87
191****4082	2018	11	119.62
191****6903	2020	1	5.52
191****4681	2019	7	130.00
191****7246	2018	1	90.53
191****0949	2018	3	20.57
191****6272	2017	9	120.51
191****0480	2019	4	153.70
191****9215	2018	2	167.76
191****2463	2018	6	53.22
191****7758	2019	5	1.55
191****5297	2018	4	104.15
191****1608	2020	9	178.97
191****7640	2019	9	1.32
191****1165	2018	10	49.35
191****7175	2020	4	125.33
191****4851	2020	10	129.14
191****6930	2020	7	108.84
191****8769	2016	10	167.86
191****6300	2017	11	7.51
191****8670	2016	8	3.06
191****3868	2018	6	16.96
191****7234	2020	8	16.09
191****1955	2019	4	28.10
191****2905	2017	7	131.17
191****7355	2018	7	115.19
191****7027	2017	5	40.10
191****3506	2018	11	170.58
191****3113	2016	10	32.70
191****5108	2016	3	84.56
191****4967	2016	8	29.05
191****1200	2018	12	1.57
191****4449	2017	3	163.04
191****2304	2019	7	132.32
191****6307	2019	1	84.86
191****6074	2018	11	67.66
191****6284	2018	12	121.89
191****5998	2017	11	108.95
191****3065	2017	12	59.01
191****4713	2016	2	123.69
191****6996	2018	6	127.63
191****6930	2020	12	157.38
191****0406	2018	6	93.34
191****9628	2017	5	23.09
191****2651	2018	2	130.62
191****7418	2016	8	173.07
191****0163	2017	2	103.05
191****1462	2018	8	88.77
191****6150	2019	9	24.31
191****6787	2017	4	150.21
191****5091	2020	10	61.19
191****4261	2018	1	39.38
191****8735	2016	4	17.80
191****0760	2017	4	55.64
191****4702	2016	6	182.52
191****2277	2020	7	70.84
191****2102	2020	2	157.33
191****6510	2016	6	6.11
191****3667	2019	12	163.15
191****9447	2018	8	87.26
191****5300	2017	8	26.43
191****8073	2018	9	28.38
191****2431	2019	4	108.91
191****2331	2018	10	137.75
191****6483	2018	6	15.54
191****4051	2016	3	153.15
191****8810	2016	4	80.89
191****4314	2016	11	47.37
191****4082	2020	6	32.04
191****6903	2018	8	35.20
191****4681	2016	6	100.96
191****7246	2016	6	30.44
191****0949	2019	8	119.83
191****6272	2019	6	101.28
191****0480	2016	6	192.91
191****9215	2017	10	143.42
191****2463	2017	2	175.55
191****7758	2020	11	5.69
191****5297	2017	1	186.88
191****1608	2016	2	172.47
191****7640	2017	1	184.15
191****1165	2017	3	120.80
191****7175	2018	8	184.89
191****4851	2019	3	156.79
191****6930	2020	4	151.60
191****8769	2020	5	105.21
191****6300	2020	2	175.01
191****8670	2020	3	24.62
191****3868	2016	10	186.41
191****7234	2019	8	77.18
191****1955	2020	2	89.15
191****2905	2019	12	162.24
191****7355	2017	2	173.41
191****7027	2016	7	173.96
191****3506	2018	10	26.77
191****3113	2018	1	149.25
191****5108	2020	4	195.15
191****4967	2018	12	99.97
191****1200	2017	4	11.87
191****4449	2019	8	174.79
191****2304	2017	7	85.36
191****6307	2020	11	57.45
191****6074	2020	4	115.23
191****6284	2020	11	199.54
191****5998	2016	11	48.26
191****3065	2020	1	12.84
191****4713	2020	9	56.54
191****6996	2020	7	147.37
191****6930	2018	1	144.33
191****0406	2018	6	180.49
191****9628	2018	5	103.14
191****2651	2016	9	98.09
191****7418	2020	3	29.70
191****0163	2019	6	102.23
191****1462	2018	6	2.37
191****6150	2018	7	9.26
191****6787	2018	9	40.88
191****5091	2016	2	167.35
191****4261	2018	3	23.86
191****8735	2020	7	120.15
191****0760	2019	9	140.42
191****4702	2019	6	51.96
191****2277	2016	1	146.16
191****2102	2017	6	85.12
191****6510	2017	7	181.37
191****3667	2017	9	160.11
191****9447	2020	10	198.78
191****5300	2019	11	45.93
191****8073	2019	2	9.47
191****2431	2018	6	121.06
191****2331	2019	2	166.23
191****6483	2019	8	84.44
191****4051	2020	1	102.13
191****8810	2016	9	137.87
191****4314	2018	7	74.95
191****4082	2017	4	197.06
191****6903	2018	10	141.51
191****4681	2020	9	92.29
191****7246	2019	4	117.05
191****0949	2018	6	101.20
191****6272	2018	9	136.82
191****0480	2019	1	188.84
191****9215	2018	10	116.39
191****2463	2016	5	22.02
191****7758	2020	8	46.72
